01 1234567890
02 1234567890
03 1234567890
04 1234567890
05 1234567890
06 1234567890
07 1234567890
08 1234567890
09 1234567890
10 1234567890
11 1234567890
12 1234567890
13 1234567890
14 1234567890
15 1234567890
16 1234567890
17 1234567890
18 1234567890
19 1234567890
20 1234567890
21 1234567890
22 1234567890
23 1234567890
24 1234567890
25 1234567890
26 1234567890
27 1234567890
28 1234567890
29 1234567890
30 1234567890
31 1234567890
32 1234567890
33 1234567890
34 1234567890
35 1234567890
36 1234567890
37 1234567890
38 1234567890
39 1234567890
40 1234567890
